109 155 18 244 241 144 75 225 51 93 80 144 71 106 28 202 93 203 62 199 43 101 210 215 248 200 111 89 89 147 235 95 1 220 56 99 86 188 238 129 142 105 236 83 230 155 5 61 3 154 55 72 157 198 238 187 170 1 42 234 157 48 190 237 3 251 50 154 27 197 182 31 223 182 4 210 106 62 54 229 19 226 235 155 205 25 1 32 252 35 138 205 29 62 218 9 23 253 35 232 
202 179 19 105 160 231 110 154 196 184 9 188 163 191 177 184 86 18 173 200 184 170 191 150 193 115 251 58 124 116 71 79 88 1 134 73 80 245 157 115 66 82 219 130 207 184 74 73 21 247 202 71 38 66 138 16 227 85 186 73 188 142 171 12 87 165 220 16 125 163 94 138 14 80 140 49 79 188 67 43 186 190 227 142 52 194 220 58 107 205 41 118 174 107 182 250 115 229 104 210 
194 194 241 190 153 45 201 125 49 193 29 37 65 199 25 56 139 68 240 79 103 8 190 146 61 48 71 122 67 215 16 169 148 158 197 208 89 252 153 33 172 33 241 97 110 146 220 190 201 166 190 170 84 217 159 181 217 43 159 157 196 230 203 86 185 111 101 19 152 69 43 192 250 132 148 5 249 66 101 9 105 183 149 230 17 140 167 24 182 121 111 146 50 61 204 12 2 49 81 111 
129 181 86 21 117 178 27 129 75 219 155 178 113 221 199 164 51 139 230 151 167 185 217 219 93 232 240 228 50 167 37 137 12 9 175 237 233 65 244 202 212 39 207 109 70 98 56 33 4 213 147 62 240 90 178 208 5 121 203 195 163 17 170 131 134 161 216 65 154 212 75 58 9 120 85 68 43 141 13 234 177 210 241 228 27 93 20 66 116 112 53 203 170 151 101 129 144 153 208 97 
193 234 106 225 211 192 68 7 146 48 225 134 69 158 4 31 185 210 97 122 26 26 85 137 220 123 127 76 149 227 138 164 238 60 87 250 78 20 141 170 87 197 171 175 154 177 207 71 29 189 147 160 103 103 16 188 91 132 126 159 208 27 126 136 91 252 59 245 101 78 208 63 2 196 148 247 114 245 23 145 144 175 182 13 80 47 244 82 26 248 126 111 62 135 37 10 6 93 64 4 
222 208 33 225 173 55 106 157 116 247 205 134 50 63 194 0 79 50 110 156 219 47 39 109 130 31 220 127 227 194 192 211 59 38 198 203 207 143 1 170 132 45 159 177 80 253 200 200 87 168 182 211 146 51 13 124 86 237 49 105 241 31 149 189 163 14 168 117 219 184 149 67 159 46 199 90 156 22 187 110 102 104 30 71 33 54 165 34 111 190 171 159 246 9 129 166 225 39 111 120 
130 141 194 145 93 154 170 184 92 37 211 110 71 198 124 169 199 10 111 10 36 160 75 170 75 171 219 134 16 90 180 48 226 167 8 128 243 183 21 234 61 188 100 19 156 167 222 165 52 221 105 250 23 155 232 77 164 101 29 201 46 111 237 16 215 124 29 233 137 94 245 120 19 207 175 198 159 37 244 8 64 44 72 48 70 200 227 189 3 22 33 48 55 212 10 124 149 179 70 146 
218 43 139 207 87 25 77 38 135 87 122 196 160 249 199 233 78 91 192 212 222 124 130 132 70 99 220 241 29 161 115 170 99 129 231 234 144 247 88 216 206 138 54 18 72 130 138 140 29 174 196 54 4 10 153 79 51 14 167 92 33 55 69 172 29 114 171 57 8 207 109 240 105 14 7 111 107 102 237 233 59 166 141 152 67 248 145 204 77 228 156 160 34 154 232 39 136 174 155 25 
135 205 223 3 237 228 207 223 201 70 176 231 113 74 159 249 97 40 44 74 150 33 71 234 189 133 234 64 215 141 73 204 11 164 31 238 220 95 189 122 82 162 115 204 118 26 147 92 15 225 206 34 36 103 106 227 32 68 160 28 113 232 224 93 175 2 72 111 75 6 150 77 8 105 76 1 204 27 220 238 104 204 212 112 44 232 57 194 19 192 109 105 115 66 106 151 195 155 1 169 
72 27 9 191 170 169 60 70 122 185 140 113 6 174 197 9 215 191 218 129 204 6 167 97 161 233 127 42 44 15 115 112 232 33 206 62 172 104 242 207 10 172 195 169 107 241 200 59 192 42 132 168 103 168 175 198 46 160 9 8 183 169 134 7 162 162 48 211 32 87 122 184 221 123 76 84 239 217 207 160 247 222 5 186 241 157 70 97 130 33 183 230 74 170 143 22 228 15 153 165 
31 184 31 104 44 167 91 177 18 21 107 23 230 133 206 151 190 211 207 200 122 44 16 42 193 174 10 69 139 135 203 35 19 2 150 161 151 127 28 16 37 156 176 202 253 171 109 223 248 126 17 52 34 125 9 108 29 89 60 142 109 83 216 58 210 214 24 242 161 35 213 36 216 109 247 217 234 114 95 230 217 39 126 21 149 64 102 246 5 90 28 112 39 177 227 118 133 244 10 28 
33 123 225 169 108 246 98 35 85 34 17 186 229 50 12 25 139 179 9 205 35 156 200 155 11 152 21 86 224 67 208 62 228 52 115 112 136 81 24 144 20 91 182 229 92 144 186 165 82 136 237 61 99 28 94 149 64 187 103 65 50 188 101 101 149 165 1 174 105 239 1 189 205 239 89 34 175 241 163 219 70 251 223 208 233 168 117 71 232 56 227 229 118 32 237 2 160 25 227 132 
133 127 41 171 151 254 35 61 50 193 93 82 194 150 213 146 116 124 178 93 168 57 246 166 135 25 190 233 16 212 81 78 121 169 131 3 3 164 44 8 89 246 141 235 211 56 215 178 98 51 214 182 79 180 36 15 113 97 91 22 8 201 0 35 110 139 4 21 56 245 140 204 173 24 56 202 48 147 162 4 84 185 139 74 158 41 249 203 15 194 208 196 164 10 196 109 99 158 199 13 
34 82 114 243 218 63 53 126 197 224 169 104 90 19 19 142 239 51 204 22 150 190 150 222 108 203 95 28 177 251 212 176 59 48 30 249 235 167 249 127 48 156 147 216 123 164 197 7 99 220 120 202 248 209 212 223 233 198 242 115 31 127 99 229 90 2 192 227 204 24 151 86 2 174 29 85 89 203 10 154 30 104 132 155 13 27 6 97 63 18 179 39 120 49 44 198 30 185 108 82 
73 1 60 195 191 37 33 106 101 4 63 115 230 171 154 13 111 242 175 198 30 18 0 140 167 137 13 21 113 210 19 22 94 42 194 8 215 99 114 61 50 193 26 9 10 209 169 249 1 254 21 174 31 131 251 77 239 15 55 52 154 170 205 57 133 104 95 78 124 251 114 6 131 111 16 202 167 66 138 208 86 214 64 82 66 88 209 118 167 48 207 14 108 3 174 116 178 110 241 99 
187 230 73 0 248 244 140 14 196 25 145 173 68 170 143 254 241 50 8 198 44 63 132 175 192 210 145 44 200 44 61 138 178 232 120 92 180 144 24 234 173 170 173 34 241 70 30 204 58 4 141 92 248 55 74 156 100 245 197 125 70 14 2 51 6 72 31 142 206 239 183 236 46 146 157 228 8 161 184 4 254 111 254 226 192 173 61 117 178 119 142 166 156 76 69 80 22 30 157 91 
61 243 124 5 160 181 190 148 5 172 112 39 112 207 249 142 114 33 123 73 169 216 174 156 221 56 99 22 124 105 171 125 161 174 252 124 225 247 236 123 233 150 202 148 32 161 155 134 103 222 139 93 202 37 195 250 58 235 157 155 230 236 66 173 183 220 95 54 91 48 42 32 162 84 184 185 102 43 174 139 105 108 54 195 149 51 209 143 136 220 0 35 157 199 226 246 62 111 233 227 
214 177 53 217 182 46 90 85 145 79 217 42 116 234 118 23 191 116 224 101 33 125 123 138 107 171 155 99 220 96 155 37 77 170 142 100 38 165 182 51 140 177 193 74 233 74 68 198 64 27 223 75 11 103 110 9 27 62 170 108 124 197 199 214 226 133 95 188 253 251 5 193 37 28 107 91 90 90 8 81 164 174 132 23 46 70 139 144 60 24 140 17 24 68 162 81 155 30 128 131 
34 12 45 151 165 58 114 132 108 180 222 49 197 220 223 49 218 20 131 35 64 25 126 148 249 240 228 80 149 74 182 215 253 248 152 85 77 33 171 44 51 191 20 3 122 17 158 164 31 157 30 153 214 18 182 155 181 105 123 1 69 129 220 135 103 101 148 160 189 154 10 153 65 116 83 17 56 189 120 39 108 22 169 177 247 76 195 214 81 44 185 154 164 183 118 54 33 61 239 136 
229 132 150 140 230 232 238 167 185 248 61 145 220 95 135 43 180 220 105 14 61 226 25 67 211 64 94 234 183 216 126 39 192 186 175 20 10 249 176 229 246 226 144 239 153 185 26 225 73 228 92 38 140 9 245 45 127 204 140 219 139 143 192 88 241 75 186 28 217 25 206 224 73 29 218 65 90 141 21 162 228 130 166 124 168 70 105 49 44 58 75 89 189 172 67 37 118 240 135 122 
105 182 207 190 8 56 192 140 160 204 135 151 205 178 189 21 106 206 62 94 202 215 176 123 174 55 131 201 251 100 19 175 114 85 246 183 222 161 85 33 143 155 183 29 145 238 89 74 70 24 91 148 91 240 113 175 92 91 154 230 96 221 27 155 84 243 84 74 133 183 49 100 113 60 42 238 183 94 22 200 11 72 3 54 8 31 182 89 99 106 117 104 89 159 189 155 145 163 175 244 
218 61 93 153 14 199 225 236 73 190 65 150 171 51 183 36 230 20 217 205 181 46 121 109 64 51 182 160 137 241 55 63 228 47 245 45 33 57 61 119 17 247 229 4 148 166 192 210 202 7 246 157 148 129 223 134 177 120 90 28 239 59 15 30 228 101 189 82 240 33 8 220 178 221 233 2 96 12 60 173 55 9 131 226 111 252 152 47 5 149 141 239 173 133 16 119 165 128 221 128 
246 139 27 31 231 223 20 109 249 170 162 104 3 194 39 217 206 111 81 4 3 53 151 246 32 85 26 173 26 126 212 78 23 190 112 233 84 228 240 30 119 190 26 213 81 72 186 221 206 235 19 60 22 235 250 44 155 137 29 167 235 250 135 57 218 169 68 206 177 38 155 5 160 251 129 26 33 127 8 210 46 240 139 229 28 35 130 17 224 54 191 128 216 175 220 177 125 157 91 54 
120 198 186 60 83 38 26 244 37 216 75 41 167 103 51 24 51 6 97 15 82 241 90 235 160 49 202 220 17 126 159 225 43 115 254 7 33 29 220 38 83 251 165 127 81 116 138 238 14 85 21 22 83 94 221 23 151 92 243 112 182 104 171 211 28 73 108 98 227 248 77 61 175 154 31 96 83 207 29 29 49 227 201 0 56 127 45 29 8 68 178 38 218 131 159 11 110 64 26 147 
19 235 10 185 66 78 209 48 169 39 145 229 147 3 248 26 12 77 124 233 4 235 132 239 70 20 238 91 88 18 211 180 81 173 155 201 79 32 61 29 161 188 134 242 64 193 82 249 44 254 217 236 34 120 96 226 133 33 131 169 164 127 143 150 248 222 228 36 66 51 74 238 75 132 221 27 161 142 163 16 85 66 15 27 159 230 51 159 15 48 201 250 96 193 57 4 79 77 75 54 
211 97 26 25 205 34 101 144 115 103 195 219 242 18 54 151 0 65 243 178 165 130 233 29 105 146 118 140 98 114 168 21 47 2 190 160 176 97 1 84 148 244 225 123 237 85 119 98 247 93 242 212 60 5 249 35 75 241 97 155 186 202 221 13 209 149 29 163 241 202 139 247 20 158 119 113 145 192 233 246 117 157 56 98 127 129 119 153 210 200 129 238 1 178 98 24 239 115 131 80 
157 67 173 75 20 76 74 167 129 192 235 100 36 245 200 29 21 241 212 214 27 220 8 202 158 153 155 80 21 119 150 167 217 187 91 215 197 13 60 197 123 246 24 78 17 90 219 105 125 181 23 236 46 152 12 240 98 210 251 82 26 86 161 139 43 203 42 113 125 185 235 173 144 29 112 211 182 19 16 126 222 187 147 120 7 225 86 176 55 40 186 186 89 254 67 191 160 74 53 26 
53 28 230 45 53 202 9 184 57 127 202 48 253 243 225 81 239 93 189 7 41 208 157 223 209 126 144 93 69 30 71 217 200 173 121 240 100 76 99 118 122 33 40 40 167 235 191 104 207 119 53 91 239 101 33 67 131 189 215 73 95 27 146 137 161 149 31 211 95 166 243 104 243 154 193 5 118 152 209 46 77 243 78 81 238 194 20 215 214 143 61 139 204 94 115 187 219 35 184 231 
25 13 232 223 134 198 42 129 116 80 128 227 188 118 220 82 135 173 209 222 129 118 236 17 240 7 95 147 6 15 203 17 103 32 152 156 96 233 100 192 140 223 9 239 57 219 223 173 252 173 234 184 98 90 9 198 101 98 86 17 238 97 243 231 114 79 249 66 94 103 32 174 251 181 4 222 11 170 103 67 254 155 217 85 219 131 212 240 18 143 0 168 142 185 128 67 64 47 201 34 
65 251 246 63 162 61 135 90 249 216 59 153 99 82 90 163 141 70 35 119 166 239 62 95 20 82 89 192 54 225 14 9 50 88 102 190 192 217 35 29 191 228 126 37 191 194 61 82 201 37 73 61 113 131 132 215 180 154 103 132 127 130 22 86 204 122 249 201 50 140 163 170 27 175 200 168 7 102 98 97 22 224 5 239 58 46 25 172 56 192 9 24 85 47 167 125 126 109 22 184 
47 179 220 2 217 249 80 217 107 92 80 65 55 27 252 97 105 105 43 31 125 220 27 22 118 192 179 224 53 123 184 170 54 22 106 70 220 145 0 147 214 126 62 106 54 150 16 166 134 175 74 27 88 88 202 114 88 215 17 223 104 110 71 128 38 4 7 244 248 150 119 222 123 36 2 19 66 67 142 147 40 141 45 154 44 13 134 220 179 79 175 145 179 77 152 94 0 239 58 125 
124 246 106 111 14 122 137 123 178 113 64 4 76 27 119 81 9 135 66 209 87 227 187 50 169 138 163 22 85 95 233 53 228 236 167 232 61 66 230 0 49 20 225 216 29 97 0 67 126 101 222 235 237 200 10 23 76 161 79 118 145 167 91 89 242 151 193 220 228 8 43 191 205 224 132 105 60 7 18 80 112 117 217 165 151 188 81 212 2 22 212 205 101 55 109 79 54 87 115 25 
126 159 47 36 41 184 162 52 14 240 235 0 99 42 16 44 172 122 178 112 104 157 160 143 76 154 71 9 240 185 249 42 245 50 3 147 81 163 217 71 69 132 119 91 52 94 210 70 138 1 67 88 28 71 119 19 138 254 176 58 254 39 175 95 187 244 81 80 49 32 232 9 46 44 87 65 184 198 135 110 162 221 87 227 134 15 90 44 238 210 73 59 197 172 233 104 43 172 101 96 
26 59 13 36 100 221 21 249 172 4 52 181 31 183 211 199 234 181 64 157 241 164 12 153 32 108 117 46 18 18 127 241 1 53 32 200 222 165 175 134 30 88 69 96 81 0 92 188 141 6 103 113 58 213 211 2 65 182 196 124 51 165 116 33 167 12 12 162 128 209 209 155 92 215 102 50 72 205 6 129 58 243 211 118 22 181 7 71 174 242 124 206 54 139 7 52 90 201 250 108 
158 228 140 58 242 30 1 71 190 41 39 149 150 209 194 76 25 155 130 99 32 198 64 68 188 230 47 35 68 216 214 230 32 120 141 185 220 194 205 74 135 25 133 223 110 11 79 114 70 25 34 2 62 111 169 208 110 228 122 170 99 9 169 22 114 209 107 5 152 134 210 240 105 25 177 167 82 168 186 99 133 81 193 252 242 246 162 83 1 226 152 184 250 92 13 77 127 172 231 79 
166 38 205 124 102 52 57 82 189 180 206 202 104 218 179 7 226 201 109 58 154 234 39 216 71 209 140 232 24 196 219 233 172 110 5 213 196 68 247 18 224 0 96 149 138 90 47 234 36 37 59 201 111 23 71 180 126 18 211 176 107 76 17 11 234 10 238 71 137 156 118 235 104 224 108 31 250 162 230 91 208 210 156 232 253 57 212 197 187 78 227 166 66 31 78 191 176 153 139 227 
90 76 149 251 100 113 137 135 92 93 234 31 72 185 194 53 174 1 19 152 144 138 143 131 175 199 39 58 146 175 82 204 109 96 125 66 199 244 136 151 39 186 7 197 156 218 85 190 156 44 129 42 153 148 247 122 140 16 100 174 175 225 155 161 132 243 200 83 114 251 110 201 124 62 50 160 183 227 116 33 106 113 82 145 205 82 114 8 195 205 176 212 81 136 121 112 119 177 177 40 
0 223 150 235 5 65 49 185 245 12 102 117 31 125 63 115 107 85 55 43 31 16 189 234 5 88 0 215 106 204 246 215 231 101 33 19 119 96 196 191 87 143 104 2 146 139 138 94 167 57 240 147 202 93 88 226 213 157 157 198 188 37 51 71 220 108 134 40 108 46 248 252 70 80 183 144 187 194 183 246 229 108 117 26 36 230 205 91 226 88 165 88 92 63 6 163 216 221 132 43 
38 219 14 34 44 135 8 11 23 30 66 81 2 34 8 92 122 52 55 216 91 132 188 60 212 114 248 144 13 18 140 247 94 122 75 248 12 211 213 187 244 6 187 84 118 54 46 28 178 13 53 0 42 146 93 31 244 191 117 158 109 203 158 129 172 167 247 199 38 148 98 142 33 40 74 173 234 120 53 188 206 132 100 127 190 199 134 153 43 213 218 87 93 245 31 118 82 0 109 33 
5 61 151 42 52 155 122 201 146 213 155 19 2 235 237 155 35 221 194 250 147 141 244 78 186 130 181 219 141 99 87 42 36 163 39 142 11 93 129 214 28 103 108 239 208 180 62 170 123 0 236 150 129 242 48 245 206 32 159 75 218 87 120 90 45 233 61 78 245 211 188 34 187 29 200 105 94 157 7 84 89 207 97 78 99 91 178 30 115 54 105 171 86 164 240 208 240 242 228 52 
183 49 41 123 195 148 128 32 37 196 190 52 133 178 119 188 135 66 55 229 202 118 176 136 122 63 162 59 176 215 136 41 212 30 80 37 208 123 178 238 46 199 71 59 184 5 89 116 235 81 148 185 93 31 146 240 184 3 52 28 40 88 35 173 105 83 251 201 143 165 117 85 111 183 169 244 26 107 49 207 111 228 106 50 192 221 191 41 111 201 9 152 251 64 229 225 47 68 86 188 
178 93 28 244 222 19 125 65 31 165 18 157 28 33 105 147 93 101 52 62 87 209 192 235 169 124 246 99 93 196 94 149 17 128 27 153 31 57 54 73 121 236 110 133 30 144 228 58 41 237 183 250 130 205 177 66 99 189 98 37 78 178 229 25 40 189 168 196 143 136 123 211 35 89 28 147 232 174 43 236 83 208 254 201 110 159 220 13 8 213 167 216 234 254 168 246 210 81 210 15 
61 198 8 82 125 214 53 217 245 8 247 130 231 143 236 25 101 10 1 129 3 188 144 53 177 24 229 150 86 14 144 19 153 138 85 88 151 218 74 219 41 7 147 219 251 247 181 158 208 18 22 209 50 234 158 152 223 165 188 241 54 146 101 213 79 166 183 193 110 128 180 74 200 137 72 243 209 230 73 68 252 84 10 111 117 212 220 231 161 202 97 50 182 103 66 53 228 73 252 209 
87 158 136 122 111 34 15 194 44 227 58 151 137 239 8 60 79 242 69 195 84 144 121 3 171 140 24 172 89 85 192 53 198 205 224 210 253 94 197 213 93 192 16 122 216 150 27 228 94 108 91 229 214 201 45 96 187 24 248 100 98 158 251 214 60 39 163 135 54 195 49 149 62 128 18 11 155 87 107 150 173 251 228 216 146 140 190 62 195 193 34 94 6 175 1 226 223 51 17 250 
73 55 16 57 171 184 105 180 115 175 240 109 49 14 27 200 253 76 132 214 245 42 58 116 140 1 82 237 44 61 249 118 81 29 164 228 89 227 70 187 167 138 231 188 236 133 35 155 243 217 109 153 232 23 128 24 42 188 67 72 240 67 17 196 85 80 235 47 142 126 177 25 158 132 54 188 158 29 188 192 56 191 90 64 51 213 36 28 141 8 104 28 226 191 138 0 188 93 75 201 
88 5 122 85 36 102 240 84 56 204 190 223 64 107 47 113 49 238 92 40 27 22 72 41 246 116 32 213 192 132 55 59 141 101 230 25 36 136 162 102 134 198 78 4 184 151 51 105 71 111 188 102 20 81 240 38 51 116 1 160 9 81 246 223 215 91 191 65 46 204 51 233 196 227 8 64 240 141 207 143 181 42 61 219 154 218 249 244 174 62 29 118 127 175 41 151 30 239 154 105 
172 6 232 187 22 128 47 225 36 195 98 179 115 82 250 233 67 200 64 236 101 161 167 148 38 203 79 50 119 157 96 220 45 236 161 241 21 74 122 106 164 150 135 86 21 40 96 16 202 172 250 44 160 206 163 10 81 50 98 166 39 0 82 208 63 34 143 98 23 215 63 229 248 36 220 193 219 181 10 77 131 226 109 231 249 227 254 252 91 132 50 31 137 13 2 201 71 51 218 53 
109 203 99 216 178 30 239 137 254 240 70 103 201 162 65 229 59 20 38 155 32 221 205 151 143 126 46 105 133 170 78 140 111 14 186 193 170 33 93 27 99 133 165 242 198 122 251 215 132 12 111 237 238 80 60 102 238 244 110 37 121 7 24 160 87 7 215 199 156 102 51 38 58 193 166 126 60 186 24 231 117 200 56 19 55 14 134 212 13 75 149 94 132 241 40 63 105 224 115 250 
5 89 75 94 14 122 238 88 16 191 93 134 132 176 0 123 186 174 87 234 86 252 153 149 201 103 3 197 221 108 125 216 94 193 142 33 17 81 98 55 231 142 232 217 30 189 174 64 203 145 245 73 50 246 237 205 234 24 84 169 153 53 193 240 214 196 236 87 2 171 242 194 222 32 84 149 167 252 145 202 235 91 73 167 26 133 87 209 65 216 140 185 90 56 164 44 38 166 169 205 
151 182 184 84 128 33 217 83 173 157 6 78 223 208 72 32 83 155 102 104 128 97 112 18 201 0 1 85 241 205 126 168 172 158 85 244 91 110 52 94 235 0 227 2 108 101 224 18 240 183 26 10 47 108 160 24 74 48 245 23 106 109 20 248 183 117 123 123 202 20 85 88 59 23 253 190 150 136 12 59 92 115 48 50 34 147 123 107 181 154 88 250 136 161 140 201 222 170 13 86 
95 191 139 148 51 122 151 63 14 56 66 35 49 88 240 121 131 31 129 200 85 45 63 156 123 117 61 139 123 225 181 40 33 181 57 181 211 106 242 9 3 107 33 80 35 199 210 243 97 81 93 151 68 80 41 143 12 216 113 235 46 249 172 154 239 172 81 118 8 52 207 66 205 109 225 127 157 89 233 143 151 5 147 133 131 229 235 253 106 3 142 140 117 196 76 52 154 102 63 26 
102 236 44 217 162 55 28 11 234 62 92 23 179 208 137 166 189 108 145 232 243 46 83 210 189 18 142 2 142 168 88 112 93 129 189 77 223 252 51 191 52 172 136 187 228 233 42 211 166 81 197 202 82 134 140 74 148 21 156 44 103 229 4 164 18 198 240 44 43 195 247 45 88 135 199 201 222 69 236 141 247 79 1 109 214 233 4 228 199 208 249 77 170 142 27 166 55 145 28 15 
23 234 117 101 25 159 231 85 56 127 82 220 131 210 162 127 204 9 2 3 76 218 131 97 235 81 21 193 36 35 191 248 103 127 68 241 38 167 107 173 111 112 152 108 198 110 84 193 98 86 239 114 146 178 133 159 132 200 126 237 98 80 200 81 162 16 15 97 72 124 50 46 24 98 197 243 14 26 195 166 24 184 8 210 157 1 253 60 125 155 53 251 65 139 98 69 242 205 75 41 
140 219 145 229 18 105 100 169 14 40 126 159 99 22 160 251 134 102 42 204 166 184 68 251 188 27 232 197 65 100 111 206 128 241 94 54 107 243 87 252 165 138 36 224 204 95 241 184 42 206 185 168 171 122 57 61 46 76 158 130 184 209 230 123 70 96 66 183 6 23 188 213 166 142 197 85 222 241 215 198 154 1 40 149 81 227 4 47 159 175 151 9 62 237 183 1 18 248 204 63 
46 184 188 192 41 172 12 199 154 18 222 62 80 31 163 7 200 155 192 0 11 7 168 91 125 236 225 105 30 8 72 150 58 165 62 29 185 201 93 53 86 18 13 96 49 117 59 77 240 52 49 221 217 204 131 54 208 71 244 139 99 170 240 58 58 161 75 211 5 10 86 150 104 77 78 176 205 157 116 179 253 93 128 240 240 118 103 234 68 54 10 212 144 80 104 208 169 230 71 247 
214 118 39 232 215 68 187 234 132 63 78 64 63 26 199 172 32 66 41 143 206 24 135 128 34 171 107 62 227 167 192 30 134 21 234 58 122 251 24 24 230 178 28 219 216 34 96 187 37 99 131 183 28 243 205 129 18 149 156 219 133 52 238 205 46 181 204 125 64 222 210 213 22 8 11 195 112 135 54 78 211 77 250 249 16 91 6 19 182 198 223 1 21 110 70 143 128 176 254 246 
105 159 185 164 123 238 190 120 201 55 103 74 144 13 114 194 239 153 248 60 174 193 224 24 249 119 111 127 142 99 143 161 196 209 185 203 181 53 81 180 15 120 211 222 78 147 157 78 185 34 243 155 113 207 43 164 91 140 59 160 222 202 11 132 118 204 71 120 47 49 236 222 108 204 173 164 176 185 193 56 100 104 50 110 55 193 198 100 191 162 100 76 137 64 12 122 164 100 57 51 
67 158 68 20 114 29 139 145 138 119 116 254 205 120 109 11 28 221 122 142 217 180 62 142 125 195 251 1 41 122 237 235 11 24 47 74 35 4 124 180 170 202 193 138 29 97 165 95 54 251 121 208 221 223 113 145 138 21 155 106 225 41 145 82 245 184 180 198 60 141 23 211 233 109 48 129 49 175 109 59 102 198 238 226 0 183 219 250 247 128 134 248 171 192 41 61 108 45 96 119 
181 110 236 10 120 177 147 88 152 96 8 248 203 77 29 208 253 26 174 83 168 242 247 145 190 99 163 31 26 67 57 190 252 33 228 193 54 31 253 91 29 108 33 180 65 198 207 59 163 113 144 192 225 125 166 13 124 36 60 188 1 79 190 241 190 48 110 254 175 77 189 90 7 20 50 142 131 81 235 111 247 65 149 137 162 22 79 28 118 203 105 65 183 160 110 40 14 82 105 6 
224 148 149 22 199 72 27 25 132 34 228 158 175 191 252 194 84 96 127 88 63 48 241 43 170 177 250 127 89 50 168 115 180 224 31 136 166 144 204 1 84 96 11 12 21 195 114 229 4 87 160 37 12 30 160 74 244 119 94 176 20 93 233 100 87 73 80 154 162 209 22 46 69 208 143 225 63 175 185 165 250 51 201 150 37 97 19 165 109 238 171 222 131 55 217 181 213 201 51 197 
95 14 109 195 172 104 73 214 107 44 221 65 175 155 114 229 16 177 128 150 144 28 173 137 205 79 16 60 143 50 248 106 74 10 48 56 19 179 210 135 110 166 81 121 28 101 3 190 210 168 113 145 245 51 174 64 92 210 125 198 156 122 0 218 189 196 83 128 74 22 213 61 24 147 202 197 65 8 158 229 4 215 126 207 64 251 132 121 175 152 15 135 238 134 171 170 60 43 1 213 
103 139 74 6 200 218 116 40 143 105 244 181 19 226 96 102 224 138 155 15 226 66 99 79 116 200 238 2 19 221 251 80 16 17 162 40 112 31 200 91 32 194 108 199 196 114 65 38 86 36 199 19 63 242 242 150 18 100 29 19 163 196 195 160 120 34 179 109 141 172 72 127 212 44 27 198 40 142 7 134 252 105 206 168 163 25 248 250 13 61 28 189 63 188 38 95 73 243 51 161 
43 94 141 144 56 124 30 149 128 10 174 251 250 51 25 229 248 42 18 24 101 41 84 222 65 90 57 67 30 105 119 190 39 48 136 142 179 36 26 2 244 162 125 174 95 26 0 38 204 4 209 125 1 48 35 51 32 32 183 199 80 229 228 236 101 114 138 92 19 165 75 205 47 159 163 78 222 209 48 168 30 63 216 90 183 1 93 196 132 143 19 45 132 57 201 178 117 234 245 32 
165 48 66 146 26 40 55 237 172 195 151 128 15 230 9 183 251 214 234 221 17 136 99 24 165 208 84 229 73 37 218 58 209 69 225 181 16 57 166 134 150 120 188 217 160 124 199 128 225 236 200 79 31 178 216 208 235 89 165 57 254 47 174 121 239 224 75 6 15 200 127 145 45 210 59 100 7 158 227 152 182 223 77 230 75 182 154 242 154 118 19 14 184 108 30 190 128 221 161 55 
167 142 0 194 217 41 174 140 250 64 102 182 28 230 33 180 194 216 56 238 9 97 114 24 26 7 63 233 65 157 62 235 120 24 53 75 87 87 35 19 216 226 240 20 243 105 7 64 226 61 248 225 50 122 132 133 212 116 120 129 76 104 252 236 21 55 175 224 93 105 175 29 66 33 227 216 225 83 199 166 94 153 129 0 244 230 86 204 84 36 161 143 39 135 70 168 244 55 85 248 
167 182 208 133 197 72 221 117 113 178 207 95 51 163 73 251 168 168 85 221 164 20 7 174 201 204 188 31 26 16 33 51 203 233 10 62 240 119 38 166 231 143 217 207 51 251 125 176 43 94 71 131 97 167 203 20 144 238 118 236 186 86 100 88 197 185 120 11 16 136 185 12 198 107 56 139 60 9 177 132 137 244 71 192 46 188 95 176 114 44 73 48 177 248 33 32 175 153 83 212 
221 28 97 91 161 129 87 226 146 252 195 43 13 40 132 210 136 111 245 197 96 58 161 116 149 94 165 217 79 37 244 53 215 113 149 245 119 127 163 149 145 42 188 202 1 39 50 145 173 47 242 204 73 14 116 20 153 46 21 195 134 218 86 93 77 82 108 226 182 96 37 168 1 136 104 161 83 120 56 24 237 247 53 134 171 48 249 245 142 93 145 109 246 211 100 175 249 135 25 60 
191 54 163 35 28 37 61 165 33 210 45 4 15 24 241 89 168 136 80 86 173 8 136 4 5 97 182 70 205 67 197 198 115 73 250 223 222 130 162 71 113 52 85 138 119 51 123 92 94 9 2 150 4 62 200 182 103 39 13 231 141 67 72 177 234 209 201 230 225 232 240 145 39 252 142 56 40 209 87 30 216 148 187 73 158 223 86 39 67 71 46 190 177 132 107 6 237 164 156 86 
208 151 161 129 230 14 229 70 234 72 98 238 203 115 218 24 206 184 159 19 111 111 181 209 180 211 93 203 39 186 208 78 225 232 220 153 153 91 71 233 162 121 80 233 237 131 183 129 112 205 45 11 66 223 71 135 15 18 89 163 102 191 2 42 127 134 10 89 200 178 11 32 212 224 68 58 219 77 209 136 212 230 18 95 227 113 222 242 252 106 0 72 77 19 23 31 252 118 71 82 
151 225 95 70 244 30 14 189 55 82 7 41 213 80 217 5 169 74 167 171 241 203 116 19 239 33 218 11 109 223 7 37 19 211 37 153 64 132 124 209 12 137 176 44 116 216 104 101 140 201 108 228 54 124 56 66 126 12 56 14 185 228 52 179 94 112 74 188 59 178 250 23 143 213 196 216 116 180 203 12 160 227 101 216 79 207 223 181 225 154 238 127 253 18 158 97 249 192 27 25 
14 75 114 96 71 251 103 31 219 241 16 172 30 141 80 122 190 186 14 244 231 90 85 79 192 146 195 243 46 3 191 24 164 80 193 17 82 192 217 35 243 233 238 21 186 197 30 111 154 235 130 121 158 70 231 233 78 74 65 148 218 114 68 22 106 232 140 161 80 132 202 21 89 76 63 12 153 113 106 178 193 205 254 254 35 70 215 23 32 97 128 184 183 238 97 115 79 44 165 91 
119 81 99 144 192 176 243 208 166 4 68 119 116 199 8 238 187 7 248 213 125 147 78 211 220 203 94 133 18 232 36 209 40 179 186 209 49 15 14 2 130 159 145 6 44 138 7 187 128 230 44 200 213 90 21 17 221 4 149 167 142 21 3 133 50 88 128 12 184 1 112 132 1 243 68 177 235 60 247 214 246 38 6 226 187 0 119 82 56 75 84 204 233 156 8 151 166 171 140 100 
75 129 217 184 175 79 202 75 3 27 81 207 197 8 164 198 243 120 229 217 23 2 88 46 68 75 183 67 62 26 27 246 71 121 140 135 85 29 169 171 221 10 238 228 150 194 77 7 20 53 60 236 51 63 19 136 209 73 100 174 159 64 199 15 172 50 177 55 116 209 30 131 7 230 91 155 47 248 220 116 108 47 51 45 175 180 248 118 169 47 77 175 127 133 238 218 21 94 31 60 
217 122 90 96 74 104 43 227 221 19 2 63 64 252 56 186 211 215 164 167 95 206 203 175 12 49 68 229 98 25 0 237 46 58 129 232 71 89 245 107 188 210 26 146 192 56 191 74 151 74 65 0 243 66 121 167 49 209 237 13 123 60 139 216 181 232 95 198 3 51 213 212 248 134 190 87 78 34 49 80 201 147 45 173 20 125 225 144 180 177 100 236 50 13 77 85 17 189 39 20 
230 249 56 138 190 67 43 21 41 253 73 159 73 190 96 67 159 99 202 179 102 10 174 143 116 207 95 60 178 185 68 204 206 151 242 173 78 28 108 228 22 81 129 200 202 207 54 134 138 60 16 183 68 187 60 53 227 56 15 87 228 98 243 85 190 198 87 216 24 120 138 223 165 35 57 175 207 76 135 37 145 102 127 171 211 173 59 115 2 74 134 90 20 179 11 24 181 6 1 234 
172 122 230 32 205 98 52 131 230 64 142 243 149 115 190 224 157 204 148 178 164 214 131 133 19 62 54 186 184 113 195 10 204 127 246 81 135 251 247 59 27 220 7 237 193 48 0 237 11 189 219 174 145 127 55 59 64 85 116 17 11 144 202 130 145 132 60 54 48 50 169 10 4 168 171 154 57 54 119 34 91 49 42 8 30 253 184 64 5 9 127 206 89 200 231 142 78 239 139 126 
171 0 207 39 28 10 34 203 93 144 247 124 127 210 40 81 116 108 126 198 186 238 51 7 82 206 119 89 64 231 170 149 127 76 47 69 222 65 214 122 154 214 30 217 67 16 233 21 160 16 108 191 32 10 32 169 77 198 60 120 178 73 23 47 210 76 197 199 214 138 83 231 43 72 9 129 30 97 171 173 237 35 91 152 202 13 82 99 147 237 3 174 190 140 124 119 182 174 100 13 
91 36 203 68 85 69 45 53 153 45 60 195 233 168 99 8 73 30 49 221 41 103 201 221 72 146 125 140 18 231 191 164 89 104 166 61 235 225 40 247 35 215 91 216 91 21 73 223 179 32 38 140 165 94 27 113 91 34 54 60 200 169 244 12 12 111 167 63 170 161 133 155 170 78 150 204 191 76 33 192 156 37 107 66 46 88 64 161 236 12 100 42 55 80 28 113 39 106 227 147 
170 241 59 143 225 237 116 30 95 30 43 47 178 73 228 200 208 217 178 232 75 234 125 62 230 31 8 156 206 62 254 241 215 146 82 201 1 56 116 128 228 194 154 52 139 250 94 22 117 99 96 87 121 195 72 254 137 174 147 224 230 78 122 92 167 238 89 87 42 51 170 146 114 84 188 0 242 209 88 140 228 145 188 5 56 53 173 50 58 229 62 31 156 148 4 137 104 66 89 151 
175 245 114 36 133 150 51 133 136 147 182 76 109 34 177 73 231 229 208 232 173 209 233 208 220 198 195 55 234 140 199 235 161 204 104 49 215 19 103 234 70 93 69 156 95 12 141 89 147 118 50 6 205 104 121 218 3 245 115 130 219 124 172 111 224 124 160 191 210 243 44 129 95 28 87 70 138 169 110 182 146 25 222 36 178 114 91 31 68 73 187 239 137 11 207 135 107 24 30 85 
235 176 73 44 178 219 131 253 210 81 160 82 229 200 149 12 19 148 58 194 39 160 142 106 168 224 232 245 80 105 63 138 12 1 171 104 93 210 195 137 107 116 49 165 67 157 194 65 183 98 40 23 53 151 99 56 33 74 198 231 18 183 11 128 41 95 170 125 191 226 63 102 149 232 153 14 31 246 154 37 101 231 168 149 39 90 117 28 109 188 190 124 103 215 122 208 12 135 16 177 
175 226 108 101 126 212 123 236 85 115 16 241 154 48 108 53 78 80 11 25 195 43 4 61 139 241 126 47 250 13 182 27 227 159 13 149 222 141 7 140 212 74 121 235 82 56 208 30 14 164 207 64 189 37 113 125 160 61 119 190 173 74 69 197 194 158 8 226 185 217 209 167 34 44 54 38 200 214 25 118 20 110 172 196 111 230 59 114 52 109 61 211 188 245 110 66 169 152 76 72 
165 215 196 61 254 106 63 87 212 65 122 52 3 6 132 52 129 108 70 75 62 196 176 24 41 20 220 28 39 115 231 44 194 143 166 204 219 166 140 55 212 155 107 99 9 116 36 207 185 190 232 122 7 22 92 26 225 222 248 11 193 155 54 172 205 160 144 0 39 48 33 59 103 76 114 121 17 47 47 26 231 138 71 147 223 145 115 118 146 242 121 165 215 77 113 141 145 113 71 88 
167 205 129 81 25 63 40 233 230 94 204 62 111 84 55 244 45 153 84 196 24 207 168 66 137 148 218 31 83 139 83 208 169 106 121 115 79 116 106 249 184 226 135 136 223 50 29 213 37 99 19 210 160 34 132 167 162 216 115 194 213 47 72 138 203 230 96 250 61 242 31 28 252 175 154 220 71 88 230 90 217 211 155 83 227 206 18 22 224 93 99 59 82 162 191 82 115 207 92 128 
85 137 95 86 25 12 71 63 60 251 128 171 144 20 227 101 96 65 217 44 234 135 62 186 202 107 114 103 46 195 102 160 161 225 27 138 111 224 187 157 50 6 213 119 6 86 225 70 44 71 98 130 55 162 43 48 32 219 55 165 103 203 185 207 31 89 154 8 193 159 81 143 144 140 173 54 134 58 96 151 116 222 227 235 80 212 125 159 0 78 21 34 224 228 164 150 180 203 205 239 
143 183 155 107 234 155 151 84 26 84 37 87 206 59 221 121 210 147 40 253 3 241 32 24 169 130 117 114 179 90 25 203 133 209 243 246 23 20 84 5 221 69 105 12 39 198 77 55 28 17 208 91 55 173 16 34 180 101 81 103 107 175 4 92 206 217 92 53 14 139 111 172 163 46 250 61 40 101 191 35 199 247 203 239 236 68 231 239 116 153 100 24 43 225 245 38 66 252 78 239 
249 57 221 111 121 118 153 240 99 218 206 8 253 45 81 10 155 140 10 20 30 56 158 128 13 127 215 179 139 119 158 102 237 156 138 70 220 126 35 59 130 75 246 227 126 12 61 204 45 132 48 234 250 171 120 147 135 43 164 40 179 187 77 109 18 5 94 182 179 133 237 132 50 47 196 110 150 128 138 13 131 121 16 121 46 253 86 65 152 117 125 98 71 94 8 34 221 239 67 9 
14 165 117 169 204 139 103 197 72 80 215 240 40 201 88 161 139 209 49 123 182 35 111 178 113 16 42 44 99 21 149 249 80 36 28 163 213 124 77 234 23 232 131 55 146 254 93 6 210 244 68 85 99 209 153 0 8 176 43 159 119 157 187 140 138 192 143 249 99 8 236 29 225 220 211 113 115 17 114 2 196 196 117 6 17 26 56 145 196 134 28 142 210 68 133 100 211 131 41 1 
206 15 129 240 9 247 63 99 208 118 137 200 15 132 173 25 238 29 42 70 252 5 63 100 112 44 98 216 228 125 92 225 175 64 20 123 70 211 240 174 102 108 115 36 38 143 113 166 189 161 169 221 89 173 171 249 125 252 210 193 92 17 215 209 142 154 66 39 111 233 88 85 13 110 152 19 126 150 134 102 75 202 175 21 191 112 44 223 158 84 3 18 56 106 108 179 236 231 238 246 
50 166 185 190 175 168 22 90 59 213 161 233 52 94 252 90 41 117 1 7 252 107 45 46 220 33 81 125 151 31 134 59 191 95 139 29 38 248 78 166 38 202 239 196 211 85 25 38 37 94 209 76 43 183 38 166 141 218 240 62 109 63 228 130 164 221 107 104 187 212 33 12 108 183 189 90 117 8 126 16 229 87 2 117 21 20 70 43 249 204 61 169 11 248 136 118 110 4 197 41 
195 229 236 221 76 52 6 27 41 218 226 247 34 136 139 77 159 87 234 78 140 99 71 202 112 7 51 159 91 52 176 89 165 77 243 151 12 41 181 76 35 111 126 132 190 193 209 222 204 61 137 176 143 225 70 93 108 112 57 249 123 44 85 70 12 26 163 202 26 85 26 220 82 115 112 22 230 19 137 208 236 135 116 162 184 177 138 207 114 134 132 88 64 250 132 226 247 54 36 111 
59 70 184 41 169 51 173 17 63 29 193 94 51 45 84 215 179 211 156 5 67 189 156 96 130 243 171 68 253 187 225 135 9 66 75 197 199 227 122 240 68 83 216 11 192 135 246 211 150 112 108 87 7 238 180 186 178 96 200 155 230 77 198 104 26 1 115 243 88 230 142 200 127 112 20 86 143 197 59 225 67 27 251 55 146 32 77 232 239 54 75 165 130 214 38 140 114 144 96 214 
163 110 117 2 181 252 171 222 160 138 176 115 91 161 32 110 214 45 191 48 196 222 4 70 67 104 17 185 219 195 92 205 226 50 20 36 168 231 22 52 53 164 201 247 211 83 18 112 101 22 218 232 186 114 59 177 245 16 192 231 216 212 190 181 181 39 20 18 5 42 212 76 205 191 104 40 183 107 51 93 145 251 90 66 236 144 183 204 161 207 236 192 113 222 168 145 120 246 69 21 
200 116 67 241 247 31 214 41 111 110 201 18 215 84 227 242 62 218 153 231 49 141 225 106 195 106 122 79 159 39 160 86 22 133 233 95 27 170 251 225 115 67 27 97 18 46 136 211 110 150 227 244 13 167 107 93 130 107 73 158 56 39 146 26 31 84 185 225 160 148 49 26 138 13 146 170 61 13 35 187 70 249 143 203 210 226 101 239 58 155 154 210 45 57 127 240 44 106 26 101 
244 131 76 12 220 179 43 144 234 158 98 189 74 55 10 4 47 208 154 174 240 22 38 97 71 81 87 132 16 203 16 62 94 245 187 22 40 212 150 110 193 34 170 180 36 96 104 232 138 207 176 240 86 176 159 17 44 33 166 10 187 33 253 1 74 166 229 164 197 12 61 79 227 173 54 87 32 117 151 82 91 145 243 23 78 211 104 183 76 38 82 227 65 24 121 93 95 22 120 56 
166 63 201 190 30 69 130 101 27 145 5 187 86 70 133 250 114 196 63 111 216 61 146 73 208 136 18 65 200 103 182 67 81 243 111 163 226 144 32 92 64 105 149 122 78 87 140 240 163 98 195 137 56 48 8 234 53 42 212 203 88 16 134 14 63 196 184 144 240 246 195 170 11 19 208 117 210 71 125 65 91 191 18 141 150 2 130 127 108 45 43 90 151 104 227 159 229 26 158 148 
136 152 88 130 82 72 223 246 120 46 48 90 0 177 47 242 10 141 113 35 170 151 152 232 187 242 103 222 77 117 254 180 160 4 146 21 114 73 7 9 139 202 79 32 53 161 2 202 37 41 178 219 149 76 160 48 32 17 71 232 115 99 65 21 21 213 210 166 146 233 86 81 127 11 18 17 90 168 182 135 233 236 222 70 110 4 88 4 206 52 102 58 110 42 98 0 53 69 82 40 
172 45 232 192 251 74 94 13 45 192 26 41 234 94 26 107 51 187 99 187 207 49 83 235 224 251 129 114 148 129 3 25 89 32 218 167 145 234 64 146 45 126 41 36 116 175 51 101 98 180 72 178 85 143 210 150 165 250 137 90 68 79 34 238 236 228 90 193 247 216 192 30 163 140 191 59 209 76 183 184 232 224 176 153 166 53 157 47 41 72 32 51 153 24 208 214 89 167 95 164 
223 205 140 127 175 104 168 127 131 181 211 115 120 245 51 153 184 153 56 57 158 153 195 215 135 63 250 70 96 125 5 147 95 250 98 193 229 238 227 237 209 138 221 144 241 77 80 182 227 62 239 146 196 197 252 40 188 254 69 84 188 204 167 70 58 23 214 168 119 165 250 165 227 51 106 187 52 185 120 54 31 186 251 168 125 119 121 103 76 135 203 110 159 95 254 117 123 223 28 210 
144 77 249 248 208 227 134 191 204 37 142 18 54 138 57 249 233 19 192 194 39 209 141 92 180 241 83 149 153 145 144 231 80 125 213 21 145 218 129 101 129 204 53 83 212 180 68 215 204 16 202 136 118 84 248 72 233 27 181 149 237 195 161 62 234 247 182 123 106 130 154 238 171 71 5 245 243 97 14 124 210 33 129 200 192 147 186 100 183 223 227 95 246 32 141 228 84 153 155 60 
